world: world
x: 131.69999998807907
y: 70.0
z: 244.6999999880791
yaw: -257.1001
pitch: 90.0
name: jail
