world: world
x: 151.8019418970711
y: 84.0
z: 212.7080806943067
yaw: -247.35002
pitch: 36.450005
name: kanye
