world: world
x: 127.49695436599126
y: 64.0
z: 251.7742222232094
yaw: -0.15011406
pitch: 4.950011
name: lobby
