timestamps:
  login: 1676321476687
  logout: 1676321441639
ipAddress: 127.0.0.1
logoutlocation:
  world: world
  x: 338.3070200380074
  y: 64.0
  z: 145.79629862201682
  yaw: 172.35002
  pitch: 26.400002
