timestamps:
  login: 1676672860434
  logout: 1676672864381
ipAddress: 127.0.0.1
logoutlocation:
  world: world
  x: 128.0
  y: 64.0
  z: 252.0
  yaw: 1.2000002
  pitch: 1.5000001
