timestamps:
  login: 1676490630643
  logout: 1676491630792
ipAddress: 127.0.0.1
logoutlocation:
  world: world
  x: 302.66124447365695
  y: 53.0
  z: 175.38553204457253
  yaw: 60.300293
  pitch: 19.349993
lastlocation:
  world: world
  x: 128.5
  y: 63.90199999809265
  z: 252.5
  yaw: 0.0
  pitch: 0.0
