timestamps:
  login: 1676651925356
  logout: 1676652397427
ipAddress: 127.0.0.1
logoutlocation:
  world: world
  x: 86.34921723915872
  y: 75.0
  z: 86.65381726337387
  yaw: -32.10022
  pitch: 61.650013
