timestamps:
  login: 1676675912050
  logout: 1676675881546
ipAddress: 127.0.0.1
logoutlocation:
  world: world
  x: 198.6176669299081
  y: 48.0
  z: 214.69645085765953
  yaw: -313.99402
  pitch: -40.57186
