timestamps:
  login: 1676644512239
  logout: 1676644783179
ipAddress: 127.0.0.1
logoutlocation:
  world: world
  x: 110.05270293867494
  y: 70.0
  z: 317.1942705391099
  yaw: 313.05005
  pitch: 7.8000007
