timestamps:
  login: 1676647116829
  logout: 1676647145679
ipAddress: 127.0.0.1
logoutlocation:
  world: world
  x: 134.51267921959123
  y: 71.0
  z: 286.7813124021072
  yaw: -16.050001
  pitch: -1.3500001
