timestamps:
  login: 1676564458888
  logout: 1676564583490
ipAddress: 127.0.0.1
logoutlocation:
  world: world
  x: 118.75355546678026
  y: 76.0
  z: 224.6604669216904
  yaw: 73.50001
  pitch: 27.600002
