timestamps:
  login: 1676671167536
  logout: 1676671269382
ipAddress: 127.0.0.1
logoutlocation:
  world: world
  x: 83.99249375463646
  y: 83.50022993116403
  z: 369.83571283456604
  yaw: 11.099969
  pitch: 14.099993
