timestamps:
  login: 1676485953642
  logout: 1676486578292
ipAddress: 127.0.0.1
logoutlocation:
  world: world
  x: 157.89774888527904
  y: 37.0
  z: 256.0109409323447
  yaw: -325.80005
  pitch: 1.0500001
lastlocation:
  world: world
  x: 154.22921344574323
  y: 69.0
  z: 252.60783771893173
  yaw: 75.450005
  pitch: 3.1500084
