timestamps:
  login: 1676311785168
  logout: 1676311903102
ipAddress: 127.0.0.1
logoutlocation:
  world: world
  x: 183.76083795575732
  y: 62.0
  z: 470.62875318601044
  yaw: -63.000004
  pitch: 21.450003
