timestamps:
  login: 1676312204061
  logout: 1676312227306
ipAddress: 127.0.0.1
logoutlocation:
  world: world
  x: 128.0
  y: 64.0
  z: 252.0
  yaw: -3.4500003
  pitch: -0.15000002
