timestamps:
  login: 1676662636467
  logout: 1676592652452
ipAddress: 127.0.0.1
logoutlocation:
  world: world
  x: -84.02195226728708
  y: 64.0
  z: 234.7083613642506
  yaw: 49.500004
  pitch: 23.249994
