timestamps:
  login: 1676662654317
  logout: 1676662625567
ipAddress: 127.0.0.1
logoutlocation:
  world: world
  x: 207.3000000119208
  y: 63.0
  z: 307.50273530945776
  yaw: 41.25049
  pitch: -69.15
