timestamps:
  login: 1676594661363
  logout: 1676595667861
ipAddress: 127.0.0.1
logoutlocation:
  world: world
  x: 110.69999998807909
  y: 60.0
  z: 169.69999998807899
  yaw: -88.35004
  pitch: 6.2999926
