timestamps:
  login: 1676505501443
  logout: 1676505643293
ipAddress: 127.0.0.1
logoutlocation:
  world: world
  x: 124.30000001192093
  y: 44.0
  z: 252.30000001192093
  yaw: 91.95004
  pitch: -90.0
