timestamps:
  login: 1676656886067
  logout: 1676656877695
ipAddress: 127.0.0.1
logoutlocation:
  world: world
  x: 121.60904886787915
  y: 64.0
  z: 243.5947573357695
  yaw: 129.90009
  pitch: 52.950005
lastlocation:
  world: world
  x: 125.22210610260362
  y: 66.0
  z: 256.36106935486083
  yaw: 0.0
  pitch: 0.0
