timestamps:
  login: 1676651278848
  logout: 1676651302847
ipAddress: 127.0.0.1
logoutlocation:
  world: world
  x: 14.5
  y: 64.0
  z: 248.5
  yaw: 124.65001
  pitch: -63.450005
