timestamps:
  login: 1676662626567
  logout: 1676402403582
ipAddress: 127.0.0.1
logoutlocation:
  world: world
  x: 118.71819585504468
  y: 65.0
  z: 212.68231911058763
  yaw: 281.40002
  pitch: 13.950002
