timestamps:
  login: 1676662138723
  logout: 1676652404927
ipAddress: 127.0.0.1
logoutlocation:
  world: world
  x: 160.83638839895414
  y: 66.0
  z: 250.6353782031574
  yaw: 312.00012
  pitch: 13.0499935
lastlocation:
  world: world
  x: 128.5
  y: 64.0
  z: 252.5
  yaw: 0.0
  pitch: 0.0
