timestamps:
  login: 1676677861315
ipAddress: 127.0.0.1
homes:
  home:
    world: world
    x: 121.08097463404107
    y: 64.0
    z: 254.2984648664613
    yaw: -108.90001
    pitch: 16.800001
