timestamps:
  login: 1676564398790
  logout: 1676564523488
ipAddress: 127.0.0.1
logoutlocation:
  world: world
  x: 130.98759347637153
  y: 71.0
  z: 301.83280507764937
  yaw: -184.94983
  pitch: 5.1000085
lastlocation:
  world: world
  x: 31.814186259844554
  y: 85.0
  z: 184.34121712355517
  yaw: -130.80002
  pitch: 13.500002
