timestamps:
  login: 1676647967328
  logout: 1676647995679
ipAddress: 127.0.0.1
logoutlocation:
  world: world
  x: 161.93465064558427
  y: 71.0
  z: 238.08588699761754
  yaw: -109.80001
  pitch: 2.1000001
