timestamps:
  login: 1676583008601
  logout: 1676583167452
ipAddress: 127.0.0.1
logoutlocation:
  world: world
  x: 159.69999998807907
  y: 69.0
  z: 345.19903019132937
  yaw: -38.100002
  pitch: -3.7499924
