timestamps:
  login: 1676134684352
ipAddress: 127.0.0.1
logoutlocation:
  world: world
  x: 138.77086656584825
  y: 76.0
  z: 248.6950947359651
  yaw: 116.25003
  pitch: 21.000002
