timestamps:
  login: 1676396786206
  logout: 1676396887455
ipAddress: 127.0.0.1
logoutlocation:
  world: world
  x: 113.10246316687453
  y: 63.0
  z: 268.15891510130484
  yaw: 67.05005
  pitch: 15.900002
lastlocation:
  world: world
  x: 84.28889772747385
  y: 64.00133597911214
  z: 280.9196341706911
  yaw: -325.50006
  pitch: 15.900002
