timestamps:
  login: 1676676502496
  logout: 1676676694046
ipAddress: 127.0.0.1
logoutlocation:
  world: world
  x: 114.48609209367848
  y: 71.0
  z: 556.7822628212053
  yaw: 209.68127
  pitch: 48.543755
