timestamps:
  login: 1676485320361
  logout: 1676485348811
ipAddress: 127.0.0.1
logoutlocation:
  world: world
  x: 128.0
  y: 64.0
  z: 252.0
  yaw: -0.45000005
  pitch: 7.5000005
