timestamps:
  login: 1676656810232
  logout: 1676656805195
ipAddress: 127.0.0.1
logoutlocation:
  world: world
  x: 151.31971521681487
  y: 75.0
  z: 238.1871539825211
  yaw: -92.700005
  pitch: 10.050001
lastlocation:
  world: world
  x: 156.20036849889453
  y: 75.0
  z: 236.6721869089502
  yaw: -45.900005
  pitch: 8.700001
