timestamps:
  login: 1676671319992
  logout: 1676671321881
ipAddress: 127.0.0.1
logoutlocation:
  world: world
  x: 128.0
  y: 64.0
  z: 252.0
  yaw: 7.350001
  pitch: 0.15000002
