timestamps:
  login: 1676671354281
  logout: 1676671356881
ipAddress: 127.0.0.1
logoutlocation:
  world: world
  x: 128.0
  y: 64.0
  z: 252.0
  yaw: 0.75000006
  pitch: 3.0000002
