timestamps:
  login: 1676564184703
  logout: 1676564216646
ipAddress: 127.0.0.1
logoutlocation:
  world: world
  x: 123.0259646482604
  y: 67.0
  z: 260.69999998807907
  yaw: 51.74989
  pitch: 36.450016
lastlocation:
  world: world
  x: 206.63583963566856
  y: 68.0
  z: 238.6808459526514
  yaw: -87.75001
  pitch: 29.700003
