timestamps:
  login: 1676397009456
  logout: 1676397337455
ipAddress: 127.0.0.1
logoutlocation:
  world: world
  x: 72.07741597023318
  y: 82.0
  z: 384.8734820447749
  yaw: 49.200005
  pitch: 19.65001
