timestamps:
  login: 1676576858721
  logout: 1676577659078
ipAddress: 127.0.0.1
logoutlocation:
  world: world
  x: -79.22020746396613
  y: 71.0
  z: 331.53621352573293
  yaw: 125.94397
  pitch: 19.949993
lastlocation:
  world: world
  x: 52.30000001192093
  y: 63.0
  z: -4.248172364022562
  yaw: 174.15001
  pitch: 41.400005
