timestamps:
  login: 1676574163066
  logout: 1676574174162
ipAddress: 127.0.0.1
logoutlocation:
  world: world
  x: 128.5
  y: 64.0
  z: 252.5
  yaw: -1.2000002
  pitch: -0.75000006
