timestamps:
  login: 1676564344082
  logout: 1676564590988
ipAddress: 127.0.0.1
logoutlocation:
  world: world
  x: 120.8936066803189
  y: 76.0
  z: 225.60179637651802
  yaw: 304.50003
  pitch: 36.450005
lastlocation:
  world: world
  x: 131.30000001192093
  y: 70.0
  z: 244.30000001192093
  yaw: -39.150116
  pitch: 26.70001
