timestamps:
  login: 1676491484649
  logout: 1676491690792
ipAddress: 127.0.0.1
logoutlocation:
  world: world
  x: 119.69999998807907
  y: 64.0
  z: 269.9122463030309
  yaw: 90.900085
  pitch: 36.15
