timestamps:
  login: 1676484865627
  logout: 1676484881227
ipAddress: 127.0.0.1
logoutlocation:
  world: world
  x: 124.30000001192093
  y: 63.0
  z: 246.52592633256958
  yaw: 174.60002
  pitch: 7.6500015
lastlocation:
  world: world
  x: 121.69999998807907
  y: 64.0
  z: 257.44146104253923
  yaw: 9.450073
  pitch: 67.35
ban:
  reason: '§4Banned:

    §rThe Ban Hammer has spoken!'
  timeout: 0
