timestamps:
  login: 1676484911339
  logout: 1676484936227
ipAddress: 127.0.0.1
logoutlocation:
  world: world
  x: 128.0
  y: 64.0
  z: 252.0
  yaw: 0.15000002
  pitch: 0.75000006
