timestamps:
  login: 1676134754242
  logout: 1676134853305
ipAddress: 127.0.0.1
lastlocation:
  world: world
  x: 124.69999998807907
  y: 62.0
  z: 252.30000001192093
  yaw: 4.5000005
  pitch: -29.700003
logoutlocation:
  world: world
  x: 128.5
  y: 69.0
  z: 252.5
  yaw: 42.300003
  pitch: -3.0000002
