timestamps:
  login: 1676396999355
  logout: 1676397149957
ipAddress: 127.0.0.1
logoutlocation:
  world: world
  x: 123.69999998807907
  y: 67.0
  z: 270.58008241408356
  yaw: -14.700073
  pitch: 11.550001
