timestamps:
  login: 1676398431468
  logout: 1676398467455
ipAddress: 127.0.0.1
logoutlocation:
  world: world
  x: 128.5
  y: 38.27491794280094
  z: 252.5
  yaw: 0.15
  pitch: -38.25001
