timestamps:
  login: 1676650100789
  logout: 1676650278850
ipAddress: 127.0.0.1
logoutlocation:
  world: world
  x: 152.6608149834638
  y: 68.0
  z: 297.1514061230112
  yaw: 41.043793
  pitch: -45.656254
