timestamps:
  login: 1676662648718
  logout: 1676662640567
ipAddress: 127.0.0.1
logoutlocation:
  world: world
  x: 145.30000001192107
  y: 74.0
  z: 255.30000001192093
  yaw: 182.40009
  pitch: 29.400003
