timestamps:
  login: 1676310902651
  logout: 1676310986566
ipAddress: 127.0.0.1
logoutlocation:
  world: world
  x: 65.4058715585394
  y: 63.0
  z: 308.69999998807907
  yaw: -10.950001
  pitch: 38.550003
