timestamps:
  login: 1676491756343
  logout: 1676491885792
ipAddress: 127.0.0.1
logoutlocation:
  world: world
  x: 119.73287650278921
  y: 61.0
  z: 265.69999998807907
  yaw: -15.450002
  pitch: 0.0
